445
65 1 4
20 1 6
98 1 7
87 1 11
63 1 9
51 1 1
95 1 1
53 1 5
52 1 8
5 1 3
93 1 2
75 1 7
27 1 4
52 1 5
62 1 5
52 1 4
51 1 7
30 1 4
84 1 5
47 1 6
17 1 4
40 1 6
26 1 7
82 1 5
100 1 6
40 1 5
2 1 5
58 1 4
73 1 6
16 1 7
82 1 7
2 1 6
30 1 4
68 1 6
37 1 7
3 1 7
90 1 5
80 1 4
6 2 9
81 2 10
11 2 6
25 2 1
7 2 4
66 2 5
81 2 3
33 2 1
28 2 5
70 2 10
31 2 1
66 2 1
3 2 4
40 2 6
40 2 8
29 2 1
74 2 11
84 2 3
43 2 11
43 2 3
5 2 9
80 2 2
23 2 10
44 2 6
34 2 11
12 2 9
53 2 8
10 2 11
88 2 9
56 2 10
16 2 9
91 2 9
46 2 11
43 2 11
55 2 9
9 2 11
57 2 8
69 2 11
76 2 11
50 2 10
61 2 10
24 2 9
85 2 11
57 2 10
63 2 8
20 2 11
40 2 8
45 2 9
10 2 11
61 2 10
25 2 11
7 2 8
8 2 9
31 2 9
35 2 8
90 2 9
1 2 10
80 2 11
91 2 9
62 2 11
7 2 9
59 2 8
7 2 8
27 2 9
16 2 8
24 2 10
49 2 10
26 2 8
12 2 11
11 2 8
71 2 8
21 2 10
9 2 9
38 2 11
40 2 10
56 2 11
99 2 10
12 2 9
37 2 9
64 3 9
64 3 9
38 3 5
3 3 8
81 3 8
4 3 8
88 3 11
95 3 1
58 3 5
71 3 9
75 3 9
96 3 9
8 3 8
8 3 7
79 3 9
44 3 5
16 3 10
23 3 2
76 3 9
91 3 9
78 3 8
28 3 1
7 3 7
80 3 7
96 3 6
74 3 1
72 3 10
94 3 7
6 3 4
3 3 10
67 3 7
68 3 10
55 3 10
100 3 3
58 3 1
89 3 3
16 3 0
78 3 1
23 3 3
45 3 2
3 3 1
37 3 3
93 3 3
24 3 3
38 3 2
60 3 0
19 3 2
57 3 2
95 3 1
41 3 0
43 3 2
3 3 3
45 3 0
49 3 0
80 3 0
55 3 0
22 3 1
14 3 0
43 3 0
17 3 3
25 3 3
28 3 1
60 3 3
86 3 1
99 3 1
7 3 0
18 3 2
65 3 2
28 3 3
34 3 2
1 3 3
72 3 0
40 3 0
48 3 3
8 3 3
88 3 2
88 3 3
55 3 0
70 3 0
42 3 0
9 3 2
78 3 0
35 3 0
95 3 2
31 3 0
20 3 3
71 3 2
80 3 1
98 3 1
28 3 1
51 3 1
5 3 1
85 3 1
84 3 1
53 3 0
45 3 3
65 3 1
3 3 2
42 3 3
25 4 1
9 4 5
30 4 2
85 4 2
25 4 9
86 4 11
25 4 5
90 4 3
39 4 6
6 4 11
5 4 11
96 4 10
80 4 3
5 4 6
46 4 7
93 4 4
73 4 5
62 4 5
23 4 7
44 4 6
21 4 5
37 4 7
59 4 7
96 4 7
59 4 5
10 4 4
10 4 7
55 4 7
79 4 4
28 4 5
99 4 7
94 4 5
26 4 4
21 4 4
89 4 6
3 4 4
18 4 4
18 4 5
20 4 7
84 5 5
9 5 1
87 5 1
78 5 9
9 5 4
81 5 10
69 5 8
88 5 3
8 5 3
21 5 9
17 5 8
73 5 11
100 5 9
33 5 11
32 5 10
63 5 8
40 5 9
11 5 8
48 5 9
81 5 11
6 5 11
80 5 10
85 5 10
20 5 9
33 5 8
18 5 8
93 5 11
86 5 8
91 5 8
100 6 1
39 6 8
75 6 3
21 6 2
83 6 0
45 6 2
67 7 3
19 7 5
72 7 2
22 7 2
70 7 2
70 7 8
78 7 10
100 7 11
63 7 10
98 7 8
77 7 2
57 7 7
86 7 7
69 7 5
66 7 6
43 7 5
26 7 6
29 7 7
97 7 4
96 7 7
80 7 4
58 7 4
29 7 7
4 7 7
18 7 5
92 7 7
75 7 7
23 7 4
25 7 7
27 7 5
41 7 5
98 7 6
32 7 6
77 7 6
46 7 7
72 7 7
83 7 5
75 8 11
50 8 2
24 8 8
83 8 8
65 8 11
10 8 9
22 8 2
78 8 1
89 8 10
47 8 10
1 8 10
65 8 10
49 8 10
20 8 11
6 8 10
22 8 11
28 8 8
26 8 10
65 8 9
48 8 11
71 8 11
43 8 10
13 8 10
4 8 8
3 8 10
33 8 11
61 9 4
61 9 8
21 9 5
53 9 9
49 9 7
58 9 5
63 9 5
14 9 10
18 9 5
4 9 3
83 9 5
23 9 5
15 9 7
30 9 4
58 9 10
62 9 4
26 9 3
81 9 7
31 9 6
61 9 1
10 9 2
30 9 6
28 9 1
5 9 8
68 9 10
68 9 8
80 9 7
45 9 2
45 9 1
14 9 1
57 9 3
39 9 3
20 9 0
58 9 2
45 9 2
49 9 3
88 9 0
92 9 2
18 9 2
100 9 0
99 9 3
13 9 3
36 9 3
94 9 2
93 9 2
8 9 2
84 9 3
18 9 3
2 9 1
53 9 3
87 9 0
51 9 0
100 9 3
37 9 2
51 9 0
72 9 1
99 9 0
41 9 1
81 9 1
86 9 3
70 9 1
18 9 2
56 9 0
36 9 0
71 9 1
89 9 3
51 9 2
78 9 3
3 9 1
19 9 2
100 9 1
100 9 1
16 9 3
100 9 1
38 9 3
11 9 1
90 9 1
90 9 0
96 9 0
44 9 1
68 9 0
72 9 1
64 71 12
78 36 12
55 78 12
100 41 12
70 85 12
46 37 12
81 15 12
86 74 12
29 90 12
81 54 12
