401
73 101 9
71 101 4
19 101 10
93 101 1
76 101 1
6 101 8
15 101 2
41 101 3
89 101 1
22 101 6
10 101 2
25 101 3
5 101 7
78 101 5
12 101 7
59 101 7
94 101 4
95 101 6
92 101 7
11 101 4
2 101 5
51 101 5
34 101 6
23 101 7
47 101 7
82 101 7
53 101 7
81 101 6
14 101 7
97 101 7
91 101 7
86 101 5
77 101 7
85 101 6
65 101 4
88 101 6
58 101 6
57 101 5
4 101 7
55 101 6
35 101 7
67 101 5
30 101 4
43 101 5
49 102 4
12 102 6
34 102 6
81 102 5
5 102 7
29 102 8
19 102 6
40 102 1
10 102 2
11 102 2
54 102 6
31 102 6
94 102 8
33 102 10
44 102 11
23 102 10
9 102 8
69 102 9
93 102 11
25 102 10
27 102 11
73 102 9
75 102 10
30 102 11
83 102 8
22 102 10
38 102 11
15 102 10
55 102 10
16 102 11
37 102 10
51 102 10
65 102 8
98 102 11
13 102 10
28 102 10
100 102 10
7 102 10
72 103 5
14 103 9
96 103 6
33 103 4
23 103 4
59 103 6
88 103 5
31 103 9
53 103 5
36 103 11
38 103 4
98 103 11
1 103 10
60 103 2
20 103 9
62 103 2
71 103 4
58 103 2
85 103 4
82 103 10
19 103 10
70 103 4
16 103 1
32 103 8
25 103 9
94 103 7
87 103 6
66 103 3
15 103 5
76 103 3
21 103 3
61 103 0
57 103 3
11 103 3
49 103 1
97 103 3
28 103 1
75 103 2
45 103 3
92 103 3
89 103 3
50 103 2
63 103 0
40 103 1
34 103 1
4 103 2
29 103 1
56 103 3
54 103 1
68 103 2
48 103 1
13 103 0
55 103 2
37 103 3
91 103 0
67 103 2
77 103 3
74 103 0
30 103 1
24 103 0
5 103 2
26 103 3
42 103 2
47 103 3
3 103 0
6 103 2
86 103 0
18 103 2
46 103 1
95 103 2
12 103 2
80 103 2
39 103 0
90 103 2
9 103 1
84 103 1
22 103 1
79 103 0
44 103 0
81 103 1
78 103 0
100 103 3
17 103 1
8 103 0
51 103 0
99 103 1
52 103 2
69 103 2
30 104 2
55 104 2
43 104 4
47 104 9
58 104 11
12 104 11
86 104 4
45 104 6
77 104 4
8 104 7
83 104 5
53 104 5
29 104 5
98 104 6
49 104 7
66 104 4
38 104 6
94 104 4
51 104 5
3 104 5
56 104 6
35 104 7
32 105 2
15 105 5
7 105 3
37 105 11
45 105 5
47 105 7
12 105 8
87 105 3
89 105 4
98 105 5
28 105 10
57 105 9
4 105 10
58 105 11
44 105 11
11 105 9
53 105 8
39 105 11
16 105 10
73 105 9
49 105 8
9 105 10
43 105 10
24 105 11
26 105 9
22 105 8
65 105 9
60 105 9
97 105 8
94 105 8
47 106 3
95 106 6
20 106 3
34 106 9
14 106 6
8 106 9
17 106 10
33 106 9
64 106 8
78 106 6
41 106 5
2 106 9
65 106 11
86 106 5
89 106 1
19 106 10
10 106 8
11 106 11
76 106 9
62 106 10
93 106 7
58 106 2
26 106 6
16 106 1
37 106 1
53 106 2
38 106 10
81 106 6
7 106 9
54 106 9
36 106 1
59 106 3
74 106 0
28 106 1
52 106 2
88 106 2
12 106 3
71 106 0
24 106 1
29 106 3
73 106 2
60 106 0
46 106 0
5 106 0
85 106 3
31 106 2
43 106 2
55 106 3
30 106 1
70 106 1
1 106 0
91 106 2
80 106 2
97 106 0
42 106 3
25 106 1
98 106 2
56 106 0
50 106 1
23 106 2
49 106 1
9 106 1
77 106 0
83 106 1
79 106 3
45 106 3
4 106 2
44 106 0
69 106 0
32 106 1
57 106 1
87 106 0
90 106 1
48 106 2
63 106 0
21 106 2
99 106 2
82 106 3
22 106 2
84 106 3
13 106 0
75 106 3
68 106 2
66 106 2
6 106 1
18 106 2
92 106 3
27 106 3
15 106 1
40 106 0
93 107 9
61 107 9
17 107 10
65 107 1
37 107 7
31 107 7
84 107 11
5 107 6
40 107 1
33 107 6
14 107 2
91 107 4
38 107 4
9 107 9
90 107 4
55 107 5
22 107 3
47 107 9
39 107 7
96 107 6
18 107 6
67 107 7
72 107 6
77 107 5
78 107 6
29 107 4
58 107 6
80 107 4
49 107 7
2 107 4
88 107 4
16 107 5
87 107 5
20 107 7
36 107 5
63 107 4
6 107 7
60 107 6
32 107 7
23 107 4
11 107 5
1 107 6
48 107 5
46 107 5
57 107 7
52 107 7
64 107 7
69 107 7
79 107 7
12 107 7
59 107 4
44 107 6
98 107 4
94 107 4
86 107 5
56 108 10
39 108 9
30 108 10
57 108 3
20 108 9
28 108 10
55 108 11
76 108 8
11 108 9
52 108 9
58 108 8
72 108 9
82 108 8
77 108 8
98 109 6
36 109 7
18 109 2
77 109 0
14 109 1
4 109 1
92 109 0
73 109 2
71 109 2
12 109 0
60 94 12
74 63 12
97 50 12
63 29 12
71 2 12
46 22 12
45 53 12
62 95 12
21 91 12
89 42 12
