2124389 4.911764705882353
2139788 4.875
2158673 4.553191489361702
2112284 4.508333333333334
2144587 4.424242424242424
2095382 4.420168067226891
2168485 4.390243902439025
2139206 4.346153846153846
2015752 4.344827586206897
2095611 4.327586206896552
2013219 4.315789473684211
2099460 4.297872340425532
1970892 4.260273972602739
2140529 4.246753246753247
1977661 4.216216216216216
2096453 4.187290969899665
2036233 4.186440677966102
2123084 4.185185185185185
2008097 4.179245283018868
1971954 4.1694352159468435
2160895 4.104166666666667
2074383 4.103448275862069
2158037 4.10091743119266
2137954 4.095890410958904
2136976 4.08235294117647
2096851 4.078125
2035673 4.068965517241379
2145965 4.06
2137267 4.056603773584905
1975576 4.036697247706422
2175460 4.026315789473684
2144205 4.022222222222222
2119712 4.0
